1.5
1.5
1.375
1.275
1.2125
1.1732142857142858
1.1466517857142857
1.127405753968254
1.1127405753968254
1.101158234126984
1.0917631861772488
1.083981783552096
1.077427270253721
1.0718284846835815
1.0669892802927239
1.0627640753113368
1.0590424486284076
1.0557390762436005
1.05278695381218
1.0501327120862942
1.0477333050948316
1.0455536219606447
1.0435647342483603
1.0417425893699344
1.0400670226680744
1.0385210008395585
1.0370900357442698
1.035761725370492
1.034525390845683
1.0333717868014736
1.032292868337546
1.0312816020708346
1.0303318118256128
1.029438051766446
1.0285955014379569
1.027799878417242
1.0270473652215064
1.0263345478261925
1.0256583636956547
1.0250160576511134
1.0244051442297883
1.0238233754472044
1.0232687130783455
1.0227393047350744
1.0222334631464147
1.0217496481520514
1.0212864510031678
1.0208425806327177
1.0204168516126544
1.0200081735610325
1.0196155417992505
1.019238029090552
1.0188747783164918
1.0185249959693907
1.0181879463565962
1.0178629464273086
1.0175493611452984
1.0172465993414457
1.016954109989024
1.0166713788522792
1.0163979254653592
1.0161333004042121
1.015877082818816
1.0156288781972127
1.0153883163363213
1.0151550494975572
1.0149287507279052
1.0147091123293899
1.0144958444618484
1.0142886738656598
1.0140873426925785
1.0138916074341449
1.0137012379382992
1.0135160165058439
1.0133357370592875
1.0131602043773933
1.012989233389454
1.0128226485239171
1.012660283106549
1.0125019788037846
1.0123475851073631
1.0121969588567152
1.0120499637959133
1.0119064701623048
1.0117663543042128
1.0116294983253358
1.011495789753697
1.0113651212331876
1.0112373902359244
1.0111124987938014
1.0109903532477589
1.0108708640134167
1.0107539453618448
1.0106395152143353
1.0105274949501495
1.01041780922629
1.0103103858084315
1.0102051554122065
